kinematics:
  shoulder:
    x: 0
    y: 0
    z: 0.1806765934481708
    roll: -0
    pitch: 0
    yaw: 4.316945358207383e-07
  upper_arm:
    x: 0.0001136392761783163
    y: 0
    z: 0
    roll: 1.570662497206414
    pitch: 0
    yaw: 1.444832135456907e-07
  forearm:
    x: -0.6119547823409999
    y: 0
    z: 0
    roll: 3.141566257514177
    pitch: 3.141429251280768
    yaw: 3.141589852643567
  wrist_1:
    x: -0.5710978608116132
    y: -0.0004153031091077233
    z: 0.1745294607639596
    roll: 0.002379554279464219
    pitch: 0.00114967650857719
    yaw: -7.824041964331042e-07
  wrist_2:
    x: -4.32532701924965e-07
    y: -0.1196603658421856
    z: 0.0001739160483697011
    roll: 1.569342913839947
    pitch: 0
    yaw: 9.102382123732379e-08
  wrist_3:
    x: 1.868823207182739e-05
    y: 0.1154709631525865
    z: -8.647041122393852e-05
    roll: 1.570047477104034
    pitch: 3.141592653589793
    yaw: -3.141592379758077
  hash: calib_13514395465397510325