kinematics:
  shoulder:
    x: 0
    y: 0
    z: 0.1806171996189443
    roll: -0
    pitch: 0
    yaw: -2.07647796498199e-07
  upper_arm:
    x: 6.040563688706942e-05
    y: 0
    z: 0
    roll: 1.570482779451775
    pitch: 0
    yaw: 4.429188407421664e-06
  forearm:
    x: -0.6122037394762695
    y: 0
    z: 0
    roll: 3.141341933054246
    pitch: 3.141220926606048
    yaw: 3.14158898658859
  wrist_1:
    x: -0.5712232726701866
    y: -0.0006848993171155495
    z: 0.1741667025044362
    roll: 0.003932415191084372
    pitch: 0.0006347519803745572
    yaw: 3.768310018031497e-06
  wrist_2:
    x: 9.634889339313729e-05
    y: -0.1196661362318149
    z: 0.0002105476555479065
    roll: 1.569036869650926
    pitch: 0
    yaw: -3.580846304725506e-07
  wrist_3:
    x: 8.052825282050349e-06
    y: 0.1156871788588282
    z: -1.261752181030527e-05
    roll: 1.570687260933971
    pitch: 3.141592653589793
    yaw: 3.141592588206819
  hash: calib_13819671586085777221